0.900000
0.825801
0.614719
0.299536
-0.070711
-0.438241
-0.745375
-0.943389
-1.000000
-0.904370
-0.668838
-0.327126
0.070711
0.465831
0.799495
1.021958
1.100000
1.021958
0.799495
0.465830
0.070710
-0.327127
-0.668839
-0.904370
-1.000000
-0.943389
-0.745375
-0.438240
-0.070710
0.299536
0.614719
0.825801
0.900000
0.825801
0.614718
0.299536
-0.070711
-0.438241
-0.745375
-0.943389
-1.000000
-0.904371
-0.668838
-0.327126
0.070712
0.465831
0.799495
1.021958
1.100000
1.021958
0.799494
0.465829
0.070710
-0.327126
-0.668839
-0.904371
-1.000000
-0.943388
-0.745375
-0.438240
-0.070711
0.299538
0.614719
0.825802
0.900000
0.825801
0.614718
0.299536
-0.070712
-0.438241
-0.745376
-0.943389
-1.000000
-0.904370
-0.668838
-0.327125
0.070711
0.465830
0.799495
1.021958
1.100000
1.021958
0.799495
0.465830
0.070709
-0.327126
-0.668839
-0.904371
-1.000000
-0.943389
-0.745374
-0.438239
-0.070711
0.299537
0.614720
0.825802
0.900000
0.825801
0.614717
0.299537
-0.070711
-0.438242
-0.745377
-0.943389
-1.000000
-0.904369
-0.668839
-0.327126
0.070713
0.465830
0.799495
1.021959
1.100000
1.021958
0.799494
0.465828
0.070711
-0.327127
-0.668840
-0.904372
-1.000000
-0.943388
-0.745374
-0.438241
-0.070710
0.299538
0.614721
0.825801
0.900000
0.825800
0.614719
0.299536
-0.070713
-0.438243
-0.745375
-0.943389
-1.000000
-0.904370
-0.668838
-0.327124
0.070714
0.465831
0.799496
1.021959
1.100000
1.021958
0.799493
0.465827
0.070710
-0.327128
-0.668841
-0.904371
-1.000000
-0.943388
-0.745375
-0.438240
-0.070709
0.299539
0.614719
0.825802
0.900000
0.825801
0.614718
0.299538
-0.070710
-0.438241
-0.745376
-0.943390
-1.000000
-0.904368
-0.668840
-0.327127
0.070712
0.465832
0.799497
1.021960
1.100000
1.021959
0.799495
0.465829
0.070709
-0.327130
-0.668842
-0.904373
-1.000000
-0.943389
-0.745374
-0.438238
-0.070707
0.299540
0.614723
0.825801
0.900000
0.825801
0.614717
0.299533
-0.070715
-0.438246
-0.745375
-0.943389
-1.000000
-0.904369
-0.668836
-0.327122
0.070717
0.465830
0.799495
1.021959
1.100000
1.021957
0.799491
0.465825
0.070711
-0.327127
-0.668840
-0.904372
-1.000000
-0.943387
-0.745376
-0.438241
-0.070710
0.299538
0.614721
0.825803
0.900000
0.825801
0.614719
0.299536
-0.070713
-0.438243
-0.745378
-0.943390
-1.000000
-0.904370
-0.668838
-0.327124
0.070714
0.465835
0.799499
1.021958
1.100000
1.021958
0.799493
0.465827
0.070706
-0.327132
-0.668838
-0.904371
-1.000000
-0.943388
-0.745373
-0.438236
-0.070705
0.299536
0.614719
0.825802
